    Coordinates = [0.00000000   0.57735056   0.61237500 ;...
                   0.00000000   0.57735056   0.00000000 ;...
                   0.50000000   0.28867485   1.42887500 ;...
                   0.50000000   0.28867485   0.81650000 ;...
                   1.00000000   0.00000000   0.00000000 ;...
                  -0.50000000   0.86602540   0.00000000 ;...
                   0.00000000   0.00000000   1.63299316];
               
               
Coordinates2 = [0.000000000000000    0.577350269189626    0.612372435695794;...
                0.000000000000000    0.577350269189626    0.000000000000000;...
                0.500000000000000    0.288675134594813    1.428869016623521;...
                0.500000000000000    0.288675134594813    0.816496580927726;...
                1.000000000000000    0.000000000000000    0.000000000000000;...
               -0.500000000000000    0.866025403784439    0.000000000000000;...
                0.000000000000000    0.000000000000000    1.632993161855452];