#VESTA_FORMAT_VERSION 3.3.0


CRYSTAL

TITLE
Optimized ##INFO##

GROUP
1 1 P 1
SYMOP
 0.000000  0.000000  0.000000  1  0  0   0  1  0   0  0  1   1
 -1.0 -1.0 -1.0  0 0 0  0 0 0  0 0 0
TRANM 0
 0.000000  0.000000  0.000000  1  0  0   0  1  0   0  0  1
LTRANSL
 -1
 0.000000  0.000000  0.000000  0.000000  0.000000  0.000000
LORIENT
 -1   0   0   0   0
 1.000000  0.000000  0.000000  1.000000  0.000000  0.000000
 0.000000  0.000000  1.000000  0.000000  0.000000  1.000000
LMATRIX
 1.000000  0.000000  0.000000  0.000000
 0.000000  1.000000  0.000000  0.000000
 0.000000  0.000000  1.000000  0.000000
 0.000000  0.000000  0.000000  1.000000
 0.000000  0.000000  0.000000
CELLP
  ##APAR##   ##BPAR##   ##CPAR##  ##ALPHA##  ##BETA##  ##GAMMA##
  0.000000   0.000000   0.000000   0.000000   0.000000   0.000000
STRUC
##STRUC##  0 0 0 0 0 0 0
THERI 0
##THERI##  0 0 0
SHAPE
  0       0       0       0   0.000000  0   192   192   192   192
BOUND
       0        2         0        2         0        2
  0   0   0   0  0
SBOND
  1    ##HAL##    ##MET##    0.00000    3.50000  0  1  1  0  1  0.250  2.000 127 127 127
  0 0 0 0
SITET
##SITET##  0 0 0 0 0 0
VECTR
 0 0 0 0 0
VECTT
 0 0 0 0 0
SPLAN
  0   0   0   0
LBLAT
 -1
LBLSP
 -1
DLATM
 -1
DLBND
 -1
DLPLY
 -1
PLN2D
  0   0   0   0
ATOMT
  1         ##MET##  1.0000 255   0   0 134 224 116 204
  2         ##HAL##  1.0000   0 255   0 176 185 230 204
  0 0 0 0 0 0
SCENE
-0.237505  0.971372 -0.005208  0.000000
-0.799400 -0.192406  0.569157  0.000000
 0.551862  0.139341  0.822212  0.000000
 0.000000  0.000000  0.000000  1.000000
  0.000   0.000
  0.000
  0.823
HBOND 0 2

STYLE
DISPF 37753794
MODEL   0  1  0
SURFS   0  1  1
SECTS  96  1
FORMS   0  1
ATOMS   0  0  1
BONDS   1
POLYS   1
VECTS 1.000000
FORMP
  1  1.0   0   0   0
ATOMP
 24  24   0  50  2.0   0
BONDP
  1  16  0.250  2.000 127 127 127
POLYP
 204 1  1.000 180 180 180
ISURF
  0   0   0   0
TEX3P
  1 0.00000E+000 1.00000E+000
SECTP
  1 0.00000E+000 1.00000E+000 0.00000E+000
HKLPP
 192 1  1.000 255   0 255
UCOLP
   0   1  1.000   0   0   0
COMPS 1
LABEL 1    12  1.000 0
PROJT 0  0.962
BKGRC
 255 255 255
DPTHQ 1 -0.5000  3.5000
LIGHT0 1
 1.000000  0.000000  0.000000  0.000000
 0.000000  1.000000  0.000000  0.000000
 0.000000  0.000000  1.000000  0.000000
 0.000000  0.000000  0.000000  1.000000
 0.000000  0.000000 20.000000  0.000000
 0.000000  0.000000 -1.000000
  26  26  26 255
 179 179 179 255
 255 255 255 255
LIGHT1
 1.000000  0.000000  0.000000  0.000000
 0.000000  1.000000  0.000000  0.000000
 0.000000  0.000000  1.000000  0.000000
 0.000000  0.000000  0.000000  1.000000
 0.000000  0.000000 20.000000  0.000000
 0.000000  0.000000 -1.000000
   0   0   0   0
   0   0   0   0
   0   0   0   0
LIGHT2
 1.000000  0.000000  0.000000  0.000000
 0.000000  1.000000  0.000000  0.000000
 0.000000  0.000000  1.000000  0.000000
 0.000000  0.000000  0.000000  1.000000
 0.000000  0.000000 20.000000  0.000000
 0.000000  0.000000 -1.000000
   0   0   0   0
   0   0   0   0
   0   0   0   0
LIGHT3
 1.000000  0.000000  0.000000  0.000000
 0.000000  1.000000  0.000000  0.000000
 0.000000  0.000000  1.000000  0.000000
 0.000000  0.000000  0.000000  1.000000
 0.000000  0.000000 20.000000  0.000000
 0.000000  0.000000 -1.000000
   0   0   0   0
   0   0   0   0
   0   0   0   0
ATOMM
 204 204 204 255
  25.600
BONDM
 255 255 255 255
 128.000
POLYM
 255 255 255 255
 128.000
SURFM
   0   0   0 255
 128.000
FORMM
 255 255 255 255
 128.000
HKLPM
 255 255 255 255
 128.000
