Li = ['3 9' newline ...
'0 0 6 2.0 1.00' newline ...
' 6269.262801000 0.00020540968826' newline ...
' 940.3161243100 0.00159165540890' newline ...
' 214.2210752800 0.00828698297070' newline ...
' 60.75984018400 0.03385637424900' newline ...
' 19.91515203200 0.11103225876000' newline ...
' 7.317150979700 0.27449383329000' newline ...
'0 0 2 0.0 1.00' newline ...
' 2.972467421600 0.23792456411000' newline ...
' 1.263985231400 0.30765411924000' newline ...
'0 0 1 0.0 1.00' newline ...
' 0.514274899530 1.00000000000000' newline ...
'0 0 1 0.0 1.00' newline ...
' 0.077030885900 1.00000000000000' newline ...
'0 0 1 0.0 1.00' newline ...
' 0.028938896430 1.00000000000000' newline ...
'0 2 1 0.0 1.00' newline ...
' 0.400000000000 1.00000000000000' newline ...
'0 2 1 0.0 1.00' newline ...
' 0.060000000000 1.00000000000000' newline ...
'0 2 1 0.0 1.00' newline ...
' 3.327000000000 1.00000000000000' newline ...
'0 2 1 0.0 1.00' newline ...
' 0.020097234770 1.00000000000000']


F = ['9 14' newline ...
'0 0 6 2.0 1.00' newline ...
' 35479.10044100 0.00021545014888' newline ...
' 5318.472898300 0.00167006865270' newline ...
' 1210.481097500 0.00867332114760' newline ...
' 342.8551814000 0.03504993317500' newline ...
' 112.0194318100 0.11165320133000' newline ...
' 40.71474024800 0.25988506647000' newline ...
'0 0 2 2.0 1.00' newline ...
' 16.03967811100 0.39422966880000' newline ...
' 6.503818674000 0.24998238551000' newline ...
'0 0 1 0.0 1.00' newline ...
' 1.544047750900 1.00000000000000' newline ...
'0 0 1 0.0 1.00' newline ...
' 0.612234528620 1.00000000000000' newline ...
'0 0 1 0.0 1.00' newline ...
' 0.240279796980 1.00000000000000' newline ...
'0 0 1 0.0 1.00' newline ...
' 0.090918446478 1.00000000000000' newline ...
'0 2 4 6.0 1.00' newline ...
' 80.23390048300 0.00636859991340' newline ...
' 18.59401074300 0.04430314353000' newline ...
' 5.686790265300 0.16867248708000' newline ...
' 1.951100629400 0.36166346255000' newline ...
'0 2 1 0.0 1.00' newline ...
' 0.669702112980 1.00000000000000' newline ...
'0 2 1 0.0 1.00' newline ...
' 0.216513004100 1.00000000000000' newline ...
'0 2 1 0.0 1.00' newline ...
' 0.059613282472 1.00000000000000' newline ...
'0 3 1 0.0 1.00' newline ...
' 3.107000000000 1.00000000000000' newline ...
'0 3 1 0.0 1.00' newline ...
' 0.855000000000 1.00000000000000' newline ...
'0 3 1 0.0 1.00' newline ...
' 0.186083881110 1.00000000000000' newline ...
'0 4 1 0.0 1.00' newline ...
' 1.917000000000 1.00000000000000']


Cl = ['17 16' newline ...
'0 0 7 2.0 1.00' newline ...
' 69507.99094500 0.00054314897497' newline ...
' 10426.15688000 0.00419904639610' newline ...
' 2373.233406100 0.02159214167900' newline ...
' 671.5642007100 0.08459885009400' newline ...
' 218.4199979000 0.24757249724000' newline ...
' 77.57224971400 0.47016930228000' newline ...
' 28.88881527700 0.37436370716000' newline ...
'0 0 3 2.0 1.00' newline ...
' 127.1052718500 0.02518216660300' newline ...
' 39.33958296100 0.10786112456000' newline ...
' 7.67406799890 -0.27408821574000' newline ...
'0 0 2 2.0 1.00' newline ...
' 3.874562763000 1.32138750140000' newline ...
' 1.838583257300 0.68636955368000' newline ...
'0 0 1 0.0 1.00' newline ...
' 0.502290575420 1.00000000000000' newline ...
'0 0 1 0.0 1.00' newline ...
' 0.179627234200 1.00000000000000' newline ...
'0 0 1 0.0 1.00' newline ...
' 0.061133095854 1.00000000000000' newline ...
'0 2 5 6.0 1.00' newline ...
' 666.5042328400 0.00236326638360' newline ...
' 157.6424169000 0.01887930037400' newline ...
' 50.26252097800 0.08720634127300' newline ...
' 18.53607810500 0.25285612970000' newline ...
' 7.294053277700 0.43507154820000' newline ...
'0 2 1 6.0 1.00' newline ...
' 2.943324899500 1.00000000000000' newline ...
'0 2 1 0.0 1.00' newline ...
' 1.040497081800 1.00000000000000' newline ...
'0 2 1 0.0 1.00' newline ...
' 0.384564150800 1.00000000000000' newline ...
'0 2 1 0.0 1.00' newline ...
' 0.130696427320 1.00000000000000' newline ...
'0 2 1 0.0 1.00' newline ...
' 0.035381580722 1.00000000000000' newline ...
'0 3 2 0.0 1.00' newline ...
' 4.610000000000 0.20000000000000' newline ...
' 1.011000000000 1.00000000000000' newline ...
'0 3 1 0.0 1.00' newline ...
' 0.339000000000 1.00000000000000' newline ...
'0 3 1 0.0 1.00' newline ...
' 0.099601358790 1.00000000000000' newline ...
'0 4 1 0.0 1.00' newline ...
' 0.706000000000 1.00000000000000']

Br = ['35 19' newline ...
'0 0 8 2.0 1.00' newline ...
' 565073.2525600 0.00023660314690' newline ...
' 84701.72317900 0.00183483325080' newline ...
' 19276.27190000 0.00954658498600' newline ...
' 5456.428457600 0.03887714215300' newline ...
' 1776.950350000 0.12718314231000' newline ...
' 639.1939827600 0.30437662191000' newline ...
' 248.7882396100 0.44490940497000' newline ...
' 98.67830549400 0.24381643058000' newline ...
'0 0 4 2.0 1.00' newline ...
' 606.078245680 -0.02652715870900' newline ...
' 188.455984840 -0.12484584809000' newline ...
' 31.49714450600 0.56468683559000' newline ...
' 13.73600832000 0.55555268564000' newline ...
'0 0 2 2.0 1.00' newline ...
' 21.2032127660 -0.2494092049300' newline ...
' 3.761642017800 0.71213119743000' newline ...
'0 0 1 2.0 1.00' newline ...
' 1.773593396200 1.00000000000000' newline ...
'0 0 1 0.0 1.00' newline ...
' 0.451974136640 1.00000000000000' newline ...
'0 0 1 0.0 1.00' newline ...
' 0.166133770990 1.00000000000000' newline ...
'0 0 1 0.0 1.00' newline ...
' 0.052769579657 1.00000000000000' newline ...
'0 2 6 6.0 1.00' newline ...
' 3019.695572300 0.00249710497980' newline ...
' 715.3548112600 0.02041926759600' newline ...
' 229.9832875100 0.09689714830900' newline ...
' 86.16784461500 0.28053901252000' newline ...
' 34.66787080200 0.44606390473000' newline ...
' 14.11387030700 0.24410073923000' newline ...
'0 2 4 6.0 1.00' newline ...
' 57.0856530820 -0.02185595071000' newline ...
' 8.819384584000 0.32707075320000' newline ...
' 3.934030287200 0.57855229520000' newline ...
' 1.799883038400 0.33570987698000' newline ...
'0 2 1 6.0 1.00' newline ...
' 0.668994105120 1.00000000000000' newline ...
'0 2 1 0.0 1.00' newline ...
' 0.271362382310 1.00000000000000' newline ...
'0 2 1 0.0 1.00' newline ...
' 0.100837902430 1.00000000000000' newline ...
'0 2 1 0.0 1.00' newline ...
' 0.029005224647 1.00000000000000' newline ...
'0 3 5 10.0 1.00' newline ...
' 168.8537025700 0.00896639819880' newline ...
' 49.97794991900 0.06206205931600' newline ...
' 18.27491333800 0.21474732384000' newline ...
' 7.245569463100 0.40335336746000' newline ...
' 2.856231502500 0.42208813080000' newline ...
'0 3 1 0.0 1.00' newline ...
' 1.045962114400 1.00000000000000' newline ...
'0 3 1 0.0 1.00' newline ...
' 0.568656550000 1.00000000000000' newline ...
'0 3 1 0.0 1.00' newline ...
' 0.220314900000 1.00000000000000' newline ...
'0 3 1 0.0 1.00' newline ...
' 0.075865567476 1.00000000000000' newline ...
'0 4 1 0.0 1.00' newline ...
' 0.570833120000 1.00000000000000']



